Prueba 1
N	basico	eficiente
50000	0.228	0.092
70000	0.111	0.09
90000	0.079	0.044
110000	0.063	0.033
130000	0.078	0.044
150000	0.083	0.041
170000	0.094	0.068
190000	0.097	0.049
210000	0.101	0.053
230000	0.11	0.08
250000	0.139	0.064
270000	0.125	0.076
290000	0.135	0.074
310000	0.167	0.119
330000	0.169	0.085
350000	0.168	0.093
370000	0.173	0.095
390000	0.18	0.108
410000	0.19	0.105
430000	0.208	0.11
Prueba 2
N	basico	eficiente
50000	0.022	0.014
70000	0.032	0.019
90000	0.041	0.025
110000	0.051	0.031
130000	0.06	0.04
150000	0.073	0.038
170000	0.079	0.043
190000	0.093	0.048
210000	0.096	0.057
230000	0.107	0.059
250000	0.115	0.064
270000	0.127	0.074
290000	0.134	0.074
310000	0.145	0.087
330000	0.153	0.084
350000	0.164	0.097
370000	0.171	0.094
390000	0.18	0.109
410000	0.189	0.107
430000	0.209	0.109
Prueba 3
N	basico	eficiente
50000	0.022	0.013
70000	0.032	0.018
90000	0.043	0.023
110000	0.053	0.028
130000	0.062	0.032
150000	0.07	0.04
170000	0.079	0.043
190000	0.09	0.048
210000	0.102	0.053
230000	0.109	0.058
250000	0.115	0.063
270000	0.139	0.068
290000	0.134	0.076
310000	0.149	0.084
330000	0.153	0.086
350000	0.167	0.093
370000	0.171	0.102
390000	0.18	0.101
410000	0.199	0.104
430000	0.2	0.117
Prueba 4
N	basico	eficiente
50000	0.023	0.013
70000	0.032	0.018
90000	0.041	0.022
110000	0.054	0.028
130000	0.061	0.033
150000	0.069	0.041
170000	0.082	0.043
190000	0.09	0.048
210000	0.096	0.054
230000	0.123	0.065
250000	0.116	0.063
270000	0.128	0.068
290000	0.14	0.078
310000	0.143	0.083
330000	0.158	0.086
350000	0.162	0.092
370000	0.176	0.096
390000	0.181	0.11
410000	0.192	0.108
430000	0.202	0.118
Prueba 5
N	basico	eficiente
50000	0.022	0.012
70000	0.032	0.018
90000	0.041	0.022
110000	0.054	0.029
130000	0.06	0.033
150000	0.074	0.04
170000	0.079	0.043
190000	0.091	0.048
210000	0.097	0.058
230000	0.109	0.058
250000	0.115	0.064
270000	0.131	0.068
290000	0.135	0.075
310000	0.149	0.081
330000	0.153	0.091
350000	0.168	0.093
370000	0.171	0.106
390000	0.181	0.102
410000	0.197	0.105
430000	0.201	0.117
Prueba 6
N	basico	eficiente
50000	0.023	0.012
70000	0.032	0.018
90000	0.041	0.023
110000	0.052	0.029
130000	0.06	0.033
150000	0.069	0.046
170000	0.078	0.043
190000	0.088	0.048
210000	0.097	0.053
230000	0.119	0.058
250000	0.115	0.064
270000	0.129	0.069
290000	0.137	0.075
310000	0.143	0.085
330000	0.159	0.085
350000	0.162	0.1
370000	0.172	0.098
390000	0.185	0.11
410000	0.191	0.107
430000	0.21	0.111
Prueba 7
N	basico	eficiente
50000	0.023	0.013
70000	0.032	0.018
90000	0.042	0.022
110000	0.054	0.028
130000	0.063	0.033
150000	0.075	0.045
170000	0.079	0.043
190000	0.092	0.048
210000	0.102	0.053
230000	0.11	0.059
250000	0.116	0.063
270000	0.131	0.069
290000	0.134	0.076
310000	0.148	0.082
330000	0.153	0.086
350000	0.166	0.092
370000	0.171	0.105
390000	0.181	0.11
410000	0.201	0.104
430000	0.208	0.109
Prueba 8
N	basico	eficiente
50000	0.022	0.012
70000	0.032	0.018
90000	0.041	0.023
110000	0.053	0.029
130000	0.059	0.035
150000	0.069	0.041
170000	0.079	0.043
190000	0.092	0.048
210000	0.097	0.06
230000	0.118	0.059
250000	0.117	0.063
270000	0.131	0.069
290000	0.133	0.078
310000	0.148	0.082
330000	0.153	0.087
350000	0.169	0.094
370000	0.171	0.105
390000	0.184	0.102
410000	0.19	0.113
430000	0.199	0.11
Prueba 9
N	basico	eficiente
50000	0.023	0.012
70000	0.034	0.018
90000	0.042	0.022
110000	0.054	0.028
130000	0.06	0.033
150000	0.07	0.038
170000	0.079	0.047
190000	0.09	0.048
210000	0.097	0.054
230000	0.109	0.062
250000	0.116	0.063
270000	0.129	0.068
290000	0.136	0.078
310000	0.144	0.088
330000	0.152	0.088
350000	0.168	0.093
370000	0.171	0.102
390000	0.181	0.103
410000	0.197	0.107
430000	0.2	0.117
Prueba 10
N	basico	eficiente
50000	0.022	0.013
70000	0.032	0.017
90000	0.041	0.023
110000	0.053	0.028
130000	0.06	0.032
150000	0.069	0.045
170000	0.08	0.044
190000	0.092	0.051
210000	0.1	0.054
230000	0.13	0.058
250000	0.116	0.063
270000	0.126	0.074
290000	0.135	0.077
310000	0.143	0.082
330000	0.159	0.086
350000	0.162	0.092
370000	0.177	0.096
390000	0.18	0.11
410000	0.19	0.105
430000	0.21	0.109
Prueba 11
N	basico	eficiente
50000	0.023	0.012
70000	0.032	0.018
90000	0.041	0.023
110000	0.053	0.029
130000	0.06	0.033
150000	0.071	0.038
170000	0.078	0.043
190000	0.094	0.048
210000	0.097	0.058
230000	0.108	0.058
250000	0.115	0.063
270000	0.133	0.068
290000	0.134	0.08
310000	0.149	0.092
330000	0.156	0.086
350000	0.169	0.091
370000	0.177	0.095
390000	0.18	0.108
410000	0.189	0.105
430000	0.207	0.108
Prueba 12
N	basico	eficiente
50000	0.023	0.012
70000	0.031	0.017
90000	0.042	0.022
110000	0.053	0.029
130000	0.061	0.033
150000	0.07	0.038
170000	0.079	0.043
190000	0.088	0.052
210000	0.096	0.054
230000	0.109	0.058
250000	0.12	0.063
270000	0.129	0.068
290000	0.139	0.076
310000	0.143	0.083
330000	0.157	0.086
350000	0.168	0.092
370000	0.171	0.096
390000	0.189	0.102
410000	0.19	0.116
430000	0.199	0.11
Prueba 13
N	basico	eficiente
50000	0.033	0.018
70000	0.04	0.018
90000	0.041	0.022
110000	0.052	0.027
130000	0.06	0.033
150000	0.07	0.038
170000	0.078	0.047
190000	0.092	0.048
210000	0.097	0.053
230000	0.112	0.063
250000	0.115	0.063
270000	0.129	0.068
290000	0.141	0.077
310000	0.143	0.083
330000	0.158	0.087
350000	0.163	0.098
370000	0.172	0.098
390000	0.186	0.108
410000	0.19	0.104
430000	0.21	0.109
Prueba 14
N	basico	eficiente
50000	0.022	0.013
70000	0.032	0.017
90000	0.041	0.023
110000	0.053	0.032
130000	0.06	0.032
150000	0.069	0.04
170000	0.079	0.043
190000	0.091	0.052
210000	0.098	0.054
230000	0.109	0.059
250000	0.115	0.068
270000	0.128	0.068
290000	0.135	0.081
310000	0.144	0.08
330000	0.158	0.085
350000	0.162	0.09
370000	0.178	0.097
390000	0.181	0.103
410000	0.192	0.108
430000	0.202	0.118
Prueba 15
N	basico	eficiente
50000	0.022	0.013
70000	0.032	0.018
90000	0.041	0.023
110000	0.052	0.028
130000	0.06	0.033
150000	0.073	0.041
170000	0.078	0.043
190000	0.089	0.048
210000	0.097	0.057
230000	0.107	0.059
250000	0.115	0.063
270000	0.13	0.068
290000	0.134	0.081
310000	0.148	0.08
330000	0.152	0.091
350000	0.162	0.092
370000	0.171	0.104
390000	0.181	0.103
410000	0.197	0.107
430000	0.203	0.117
Prueba 16
N	basico	eficiente
50000	0.025	0.012
70000	0.032	0.018
90000	0.041	0.023
110000	0.052	0.027
130000	0.06	0.033
150000	0.069	0.04
170000	0.082	0.043
190000	0.09	0.048
210000	0.097	0.054
230000	0.109	0.063
250000	0.115	0.063
270000	0.126	0.069
290000	0.141	0.076
310000	0.143	0.081
330000	0.158	0.087
350000	0.162	0.092
370000	0.177	0.097
390000	0.181	0.101
410000	0.192	0.105
430000	0.202	0.109
Prueba 17
N	basico	eficiente
50000	0.022	0.013
70000	0.031	0.018
90000	0.041	0.023
110000	0.05	0.029
130000	0.06	0.036
150000	0.069	0.039
170000	0.079	0.043
190000	0.089	0.048
210000	0.101	0.053
230000	0.107	0.058
250000	0.116	0.068
270000	0.126	0.069
290000	0.139	0.077
310000	0.143	0.082
330000	0.158	0.087
350000	0.162	0.095
370000	0.171	0.103
390000	0.181	0.1
410000	0.197	0.104
430000	0.2	0.117
Prueba 18
N	basico	eficiente
50000	0.023	0.012
70000	0.032	0.018
90000	0.041	0.022
110000	0.052	0.029
130000	0.06	0.033
150000	0.069	0.045
170000	0.078	0.043
190000	0.09	0.048
210000	0.097	0.053
230000	0.114	0.058
250000	0.115	0.063
270000	0.126	0.077
290000	0.134	0.077
310000	0.144	0.083
330000	0.158	0.089
350000	0.163	0.093
370000	0.177	0.096
390000	0.181	0.108
410000	0.19	0.105
430000	0.206	0.109
Prueba 19
N	basico	eficiente
50000	0.022	0.013
70000	0.032	0.017
90000	0.041	0.023
110000	0.051	0.029
130000	0.06	0.036
150000	0.069	0.038
170000	0.079	0.042
190000	0.09	0.048
210000	0.101	0.053
230000	0.108	0.058
250000	0.116	0.068
270000	0.128	0.068
290000	0.134	0.074
310000	0.146	0.083
330000	0.152	0.095
350000	0.162	0.092
370000	0.171	0.101
390000	0.18	0.101
410000	0.197	0.107
430000	0.203	0.109
Prueba 20
N	basico	eficiente
50000	0.022	0.013
70000	0.032	0.018
90000	0.041	0.023
110000	0.053	0.028
130000	0.064	0.033
150000	0.07	0.04
170000	0.078	0.043
190000	0.09	0.051
210000	0.097	0.054
230000	0.109	0.058
250000	0.12	0.064
270000	0.129	0.073
290000	0.134	0.075
310000	0.148	0.081
330000	0.153	0.086
350000	0.168	0.091
370000	0.171	0.103
390000	0.182	0.101
410000	0.21	0.103
430000	0.2	0.109
Prueba 21
N	basico	eficiente
50000	0.023	0.012
70000	0.034	0.017
90000	0.041	0.023
110000	0.053	0.028
130000	0.06	0.033
150000	0.069	0.04
170000	0.079	0.046
190000	0.092	0.048
210000	0.098	0.053
230000	0.11	0.064
250000	0.116	0.063
270000	0.126	0.073
290000	0.134	0.074
310000	0.143	0.087
330000	0.153	0.086
350000	0.162	0.099
370000	0.171	0.096
390000	0.187	0.101
410000	0.19	0.108
430000	0.204	0.109
Prueba 22
N	basico	eficiente
50000	0.022	0.013
70000	0.032	0.017
90000	0.042	0.022
110000	0.054	0.027
130000	0.06	0.033
150000	0.069	0.04
170000	0.079	0.043
190000	0.092	0.047
210000	0.098	0.053
230000	0.121	0.058
250000	0.121	0.063
270000	0.129	0.069
290000	0.139	0.078
310000	0.143	0.082
330000	0.158	0.086
350000	0.162	0.1
370000	0.171	0.096
390000	0.187	0.1
410000	0.19	0.111
430000	0.203	0.109
Prueba 23
N	basico	eficiente
50000	0.023	0.012
70000	0.032	0.018
90000	0.043	0.023
110000	0.052	0.028
130000	0.06	0.033
150000	0.07	0.04
170000	0.079	0.047
190000	0.092	0.048
210000	0.097	0.053
230000	0.113	0.063
250000	0.115	0.063
270000	0.133	0.073
290000	0.133	0.077
310000	0.144	0.09
330000	0.153	0.087
350000	0.167	0.092
370000	0.171	0.097
390000	0.187	0.101
410000	0.189	0.115
430000	0.2	0.109
Prueba 24
N	basico	eficiente
50000	0.022	0.013
70000	0.032	0.017
90000	0.041	0.023
110000	0.054	0.029
130000	0.06	0.033
150000	0.069	0.04
170000	0.079	0.042
190000	0.095	0.048
210000	0.097	0.053
230000	0.11	0.058
250000	0.12	0.063
270000	0.129	0.068
290000	0.139	0.078
310000	0.144	0.083
330000	0.158	0.088
350000	0.162	0.099
370000	0.171	0.096
390000	0.18	0.102
410000	0.19	0.104
430000	0.207	0.109
Prueba 25
N	basico	eficiente
50000	0.022	0.012
70000	0.032	0.017
90000	0.041	0.022
110000	0.054	0.028
130000	0.06	0.032
150000	0.07	0.04
170000	0.079	0.043
190000	0.094	0.048
210000	0.098	0.054
230000	0.109	0.058
250000	0.117	0.063
270000	0.128	0.068
290000	0.139	0.078
310000	0.144	0.09
330000	0.152	0.088
350000	0.169	0.093
370000	0.172	0.104
390000	0.181	0.101
410000	0.189	0.112
430000	0.202	0.109
Prueba 26
N	basico	eficiente
50000	0.023	0.014
70000	0.032	0.018
90000	0.041	0.023
110000	0.053	0.029
130000	0.06	0.033
150000	0.069	0.04
170000	0.083	0.043
190000	0.093	0.048
210000	0.098	0.053
230000	0.114	0.058
250000	0.115	0.063
270000	0.13	0.069
290000	0.134	0.076
310000	0.149	0.081
330000	0.153	0.093
350000	0.162	0.093
370000	0.175	0.096
390000	0.181	0.101
410000	0.196	0.104
430000	0.198	0.117
Prueba 27
N	basico	eficiente
50000	0.022	0.013
70000	0.032	0.017
90000	0.041	0.022
110000	0.05	0.029
130000	0.06	0.032
150000	0.07	0.046
170000	0.078	0.043
190000	0.092	0.048
210000	0.097	0.053
230000	0.116	0.058
250000	0.116	0.063
270000	0.13	0.074
290000	0.134	0.075
310000	0.143	0.088
330000	0.152	0.086
350000	0.162	0.097
370000	0.171	0.096
390000	0.188	0.1
410000	0.189	0.106
430000	0.209	0.109
Prueba 28
N	basico	eficiente
50000	0.023	0.012
70000	0.032	0.018
90000	0.041	0.023
110000	0.051	0.03
130000	0.063	0.033
150000	0.07	0.041
170000	0.078	0.043
190000	0.091	0.048
210000	0.098	0.054
230000	0.11	0.058
250000	0.116	0.068
270000	0.129	0.068
290000	0.134	0.083
310000	0.144	0.083
330000	0.152	0.094
350000	0.162	0.093
370000	0.178	0.097
390000	0.181	0.109
410000	0.19	0.106
430000	0.207	0.109
Prueba 29
N	basico	eficiente
50000	0.022	0.013
70000	0.032	0.017
90000	0.041	0.022
110000	0.052	0.028
130000	0.063	0.032
150000	0.07	0.04
170000	0.078	0.043
190000	0.089	0.048
210000	0.103	0.053
230000	0.109	0.058
250000	0.115	0.064
270000	0.132	0.068
290000	0.134	0.078
310000	0.148	0.083
330000	0.152	0.089
350000	0.165	0.092
370000	0.175	0.096
390000	0.18	0.107
410000	0.189	0.105
430000	0.207	0.11
Prueba 30
N	basico	eficiente
50000	0.022	0.012
70000	0.032	0.018
90000	0.041	0.023
110000	0.055	0.028
130000	0.059	0.032
150000	0.07	0.039
170000	0.078	0.043
190000	0.095	0.048
210000	0.097	0.054
230000	0.109	0.062
250000	0.116	0.063
270000	0.126	0.073
290000	0.134	0.076
310000	0.143	0.088
330000	0.153	0.086
350000	0.168	0.092
370000	0.172	0.096
390000	0.185	0.101
410000	0.189	0.126
430000	0.201	0.109
Prueba 31
N	basico	eficiente
50000	0.022	0.012
70000	0.032	0.017
90000	0.045	0.022
110000	0.054	0.028
130000	0.061	0.032
150000	0.07	0.041
170000	0.079	0.043
190000	0.093	0.048
210000	0.097	0.053
230000	0.109	0.062
250000	0.115	0.064
270000	0.127	0.068
290000	0.138	0.078
310000	0.143	0.082
330000	0.152	0.086
350000	0.162	0.099
370000	0.171	0.106
390000	0.181	0.103
410000	0.196	0.107
430000	0.202	0.117
Prueba 32
N	basico	eficiente
50000	0.022	0.013
70000	0.032	0.017
90000	0.042	0.023
110000	0.052	0.029
130000	0.06	0.033
150000	0.069	0.04
170000	0.085	0.043
190000	0.09	0.047
210000	0.097	0.054
230000	0.107	0.063
250000	0.115	0.063
270000	0.128	0.068
290000	0.14	0.076
310000	0.143	0.082
330000	0.158	0.088
350000	0.163	0.09
370000	0.177	0.096
390000	0.18	0.107
410000	0.189	0.108
430000	0.202	0.117
Prueba 33
N	basico	eficiente
50000	0.022	0.013
70000	0.032	0.017
90000	0.041	0.022
110000	0.052	0.03
130000	0.061	0.032
150000	0.073	0.04
170000	0.078	0.043
190000	0.09	0.048
210000	0.097	0.053
230000	0.111	0.059
250000	0.116	0.064
270000	0.126	0.074
290000	0.134	0.076
310000	0.143	0.087
330000	0.152	0.086
350000	0.168	0.093
370000	0.171	0.098
390000	0.188	0.1
410000	0.19	0.114
430000	0.201	0.109
Prueba 34
N	basico	eficiente
50000	0.023	0.012
70000	0.032	0.018
90000	0.043	0.023
110000	0.056	0.028
130000	0.06	0.033
150000	0.069	0.038
170000	0.079	0.043
190000	0.095	0.048
210000	0.097	0.053
230000	0.108	0.057
250000	0.118	0.063
270000	0.125	0.068
290000	0.139	0.076
310000	0.143	0.08
330000	0.155	0.088
350000	0.162	0.1
370000	0.172	0.098
390000	0.184	0.1
410000	0.198	0.104
430000	0.21	0.109
Prueba 35
N	basico	eficiente
50000	0.024	0.012
70000	0.032	0.018
90000	0.041	0.022
110000	0.055	0.027
130000	0.06	0.033
150000	0.07	0.039
170000	0.079	0.043
190000	0.09	0.051
210000	0.097	0.053
230000	0.109	0.058
250000	0.12	0.063
270000	0.127	0.068
290000	0.139	0.075
310000	0.143	0.081
330000	0.156	0.085
350000	0.17	0.092
370000	0.173	0.097
390000	0.188	0.103
410000	0.189	0.114
430000	0.202	0.109
Prueba 36
N	basico	eficiente
50000	0.024	0.013
70000	0.032	0.017
90000	0.041	0.022
110000	0.054	0.028
130000	0.06	0.033
150000	0.07	0.04
170000	0.092	0.045
190000	0.092	0.048
210000	0.097	0.053
230000	0.11	0.063
250000	0.116	0.063
270000	0.126	0.069
290000	0.136	0.075
310000	0.143	0.08
330000	0.154	0.088
350000	0.162	0.097
370000	0.172	0.096
390000	0.186	0.101
410000	0.197	0.105
430000	0.201	0.116
Prueba 37
N	basico	eficiente
50000	0.023	0.012
70000	0.032	0.017
90000	0.041	0.023
110000	0.052	0.028
130000	0.06	0.033
150000	0.073	0.041
170000	0.078	0.043
190000	0.09	0.048
210000	0.097	0.068
230000	0.107	0.058
250000	0.116	0.063
270000	0.127	0.079
290000	0.134	0.076
310000	0.143	0.088
330000	0.152	0.086
350000	0.163	0.099
370000	0.171	0.099
390000	0.181	0.108
410000	0.189	0.108
430000	0.208	0.109
Prueba 38
N	basico	eficiente
50000	0.022	0.013
70000	0.032	0.017
90000	0.041	0.022
110000	0.052	0.03
130000	0.062	0.033
150000	0.069	0.042
170000	0.079	0.043
190000	0.091	0.048
210000	0.101	0.053
230000	0.108	0.058
250000	0.115	0.068
270000	0.13	0.068
290000	0.134	0.086
310000	0.143	0.082
330000	0.152	0.092
350000	0.163	0.091
370000	0.171	0.102
390000	0.181	0.101
410000	0.196	0.105
430000	0.202	0.109
Prueba 39
N	basico	eficiente
50000	0.023	0.012
70000	0.037	0.017
90000	0.041	0.023
110000	0.054	0.028
130000	0.06	0.033
150000	0.07	0.04
170000	0.079	0.047
190000	0.09	0.048
210000	0.097	0.054
230000	0.107	0.062
250000	0.115	0.063
270000	0.125	0.073
290000	0.134	0.08
310000	0.144	0.087
330000	0.153	0.086
350000	0.168	0.092
370000	0.171	0.097
390000	0.183	0.101
410000	0.19	0.113
430000	0.2	0.109
Prueba 40
N	basico	eficiente
50000	0.023	0.014
70000	0.032	0.018
90000	0.044	0.024
110000	0.055	0.027
130000	0.06	0.033
150000	0.069	0.04
170000	0.082	0.043
190000	0.091	0.048
210000	0.096	0.053
230000	0.112	0.058
250000	0.115	0.063
270000	0.13	0.068
290000	0.134	0.076
310000	0.148	0.081
330000	0.152	0.091
350000	0.162	0.093
370000	0.177	0.099
390000	0.181	0.109
410000	0.189	0.105
430000	0.223	0.108
